1.00208571400000
0.993285714000000
1.02254285700000
0.957514286000000
0.945057143000000
0.953142857000000
0.966628571000000
0.979400000000000
0.961400000000000
0.905628571000000
0.935485714000000
0.936342857000000
0.923714286000000
0.912885714000000
0.905142857000000
0.905285714000000
0.916742857000000
0.910714286000000
0.860628571000000
0.820457143000000
0.825742857000000
0.796457143000000
0.812457143000000
0.796714286000000
0.849542857000000
0.882800000000000
0.797200000000000
1.04837142900000
1.36291428600000
1.46640000000000
1.60780000000000
1.33697142900000
1.10062857100000
1.44077142900000
1.12257142900000
1.05551428600000
1.15385714300000
1.18362857100000
0.992371429000000
0.934857143000000
1.12597142900000
1.22145714300000
1.07885714300000
1.23900000000000
1.46437142900000
1.59737142900000
1.62257142900000
1.67465714300000
1.88157142900000
1.67140000000000
1.66351428600000
1.65080000000000
1.68022857100000
1.78922857100000
2.24431428600000
2.31028571400000
2.37094285700000
2.32551428600000
2.05242857100000
2.34991428600000
2.51165714300000
2.60805714300000
2.59434285700000
2.42585714300000
2.58942857100000
2.36620000000000
2.21294285700000
2.13540000000000
2.00480000000000
2.09637142900000
2.09668571400000
1.97091428600000
1.63540000000000
1.74080000000000
1.83865714300000
1.69860000000000
1.83485714300000
1.55040000000000
1.65705714300000
1.83142857100000
2.17020000000000
2.06477142900000
1.93280000000000
1.82122857100000
1.76548571400000
1.73482857100000
1.70460000000000
1.54371428600000
1.69460000000000
1.66931428600000
1.71991428600000
1.81782857100000
2.00665714300000
1.79731428600000
1.66057142900000
1.76928571400000
1.83842857100000
1.62045714300000
1.75108571400000
1.74157142900000
1.75797142900000
1.47245714300000
1.42274285700000
1.74071428600000
1.59017142900000
1.78425714300000
2.17451428600000
2.05534285700000
1.93054285700000
2.13514285700000
1.95434285700000
1.92562857100000
2.22225714300000
2.17360000000000
2.21122857100000
2.43488571400000
2.42677142900000
2.11457142900000
2.17122857100000
2.25705714300000
2.32682857100000
2.18237142900000
2.30717142900000
2.22048571400000
1.87948571400000
1.84320000000000
1.73668571400000
1.81762857100000
1.91048571400000
2.10794285700000
1.92102857100000
1.68905714300000
1.70025714300000
1.65828571400000
1.58011428600000
1.66491428600000
1.37691428600000
1.38251428600000
1.32157142900000
1.32542857100000
1.16202857100000
1.03785714300000
1.05282857100000
1.04294285700000