1.31028571400000
1.40000000000000
1.51542857100000
1.25142857100000
1.11542857100000
0.710285714000000
0.764000000000000
0.960000000000000
1.01485714300000
1.14114285700000
0.879428571000000
0.725714286000000
0.837142857000000
1.12457142900000
1.28342857100000
1.08400000000000
0.699428571000000
0.716000000000000
0.736000000000000
0.788000000000000
1.21085714300000
1.08514285700000
1.38171428600000
1.81371428600000
1.71485714300000
1.64514285700000
1.80857142900000
1.51657142900000
1.85771428600000
1.72171428600000
2.05771428600000
1.81371428600000
1.55257142900000
1.83142857100000
2.39657142900000
2.37314285700000
2.48457142900000
1.77028571400000
1.89028571400000
2.64800000000000
2.37200000000000
2.35142857100000
1.88400000000000
1.85257142900000
2.18228571400000
1.63657142900000
2.13314285700000
2.90457142900000
2.83771428600000
2.33371428600000
2.62742857100000
2.63028571400000
2.03714285700000
2.03085714300000
2.61600000000000
2.16228571400000
2.18571428600000
1.87828571400000
2.58114285700000
2.54514285700000
2.14628571400000
2.07085714300000
2.66914285700000
2.21085714300000
2.47885714300000
2.13714285700000
2.25942857100000
2.97485714300000
3.36914285700000
2.75485714300000
3.26342857100000
4.06114285700000
4.26857142900000
3.80228571400000
3.94285714300000
3.92400000000000
3.62342857100000
3.74628571400000
3.51714285700000
4.30400000000000
4.01314285700000
4.80057142900000
4.93314285700000
4.97085714300000
5.21428571400000
5.26971428600000
5.22000000000000
5.56114285700000
6.20457142900000
6.17200000000000
4.91485714300000
4.86000000000000
5.40342857100000
5.56857142900000
4.53885714300000
4.08057142900000
4.30057142900000
5.10857142900000
4.48857142900000
3.39314285700000
3.73885714300000
2.37542857100000
2.57485714300000
2.20742857100000
2.06914285700000
2.51885714300000
2.65828571400000
2.42057142900000
2.60000000000000
2.28857142900000
2.81428571400000
2.95542857100000
2.76685714300000
2.48000000000000
2.53314285700000
2.51657142900000
1.86571428600000
1.80114285700000
1.87485714300000
1.93028571400000
1.57942857100000
1.67314285700000
2.16514285700000
2.24400000000000
1.95828571400000
1.82742857100000
1.53028571400000
1.42742857100000
1.49028571400000
1.65942857100000
1.60857142900000
1.54800000000000
1.36742857100000
1.30514285700000
1.18171428600000
1.02171428600000
1.18057142900000
1.47428571400000
1.42057142900000
1.32857142900000
1.17257142900000
1.19771428600000
1.26228571400000
1.19257142900000