0.522557143000000
0.497957143000000
0.505357143000000
0.517228571000000
0.489957143000000
0.472471429000000
0.487428571000000
0.446571429000000
0.466157143000000
0.504871429000000
0.559514286000000
0.526600000000000
0.445700000000000
0.404414286000000
0.435185714000000
0.449871429000000
0.503142857000000
0.467971429000000
0.444257143000000
0.411428571000000
0.388514286000000
0.413785714000000
0.466214286000000
0.482828571000000
0.533442857000000
0.523057143000000
0.500885714000000
0.499785714000000
0.560342857000000
0.734414286000000
0.985614286000000
0.957142857000000
0.873228571000000
0.937371429000000
1.18621428600000
1.34312857100000
1.48297142900000
1.53607142900000
1.77134285700000
2.08901428600000
1.82381428600000
1.66367142900000
1.62748571400000
1.60487142900000
1.70398571400000
1.66138571400000
1.54420000000000
1.54768571400000
1.49755714300000
1.48191428600000
1.41897142900000
1.18425714300000
1.16120000000000
1.25585714300000
1.47231428600000
1.64192857100000
1.52604285700000
1.69415714300000
1.69392857100000
1.51558571400000
1.31544285700000
1.28824285700000
1.50080000000000
1.37080000000000
1.19127142900000
1.17522857100000
1.31112857100000
1.66738571400000
1.49357142900000
1.47801428600000
1.49495714300000
1.79642857100000
1.81190000000000
1.79957142900000
1.53145714300000
1.28780000000000
1.31442857100000
1.27217142900000
1.42882857100000
1.49447142900000
1.20387142900000
1.07955714300000
1.22827142900000
1.18294285700000
1.05468571400000
1.01231428600000
1.09314285700000
1.09155714300000
1.12585714300000
1.06540000000000
1.05147142900000
0.949571429000000
0.961785714000000
1.00125714300000
0.888500000000000
0.992957143000000
1.08902857100000
1.12628571400000
1.08672857100000
1.08002857100000
1.17765714300000
1.22935714300000
1.22577142900000
1.27294285700000
1.21851428600000
1.16305714300000
1.26844285700000
1.39868571400000
1.43215714300000
1.39452857100000
1.37194285700000
1.33567142900000
1.31174285700000
1.43398571400000
1.44138571400000
1.45672857100000
1.42811428600000
1.43327142900000
1.42831428600000
1.42878571400000
1.49742857100000
1.44340000000000
1.20588571400000
1.09977142900000
1.14251428600000
0.991514286000000
0.899485714000000
0.885485714000000
0.873585714000000
0.910957143000000
0.944400000000000
0.958942857000000
0.869228571000000
0.796800000000000
0.793528571000000
0.779985714000000
0.721414286000000
0.653285714000000
0.661271429000000
0.590028571000000
0.587228571000000
0.594414286000000
0.491871429000000
0.491571429000000