0.141488346000000
0.140049936000000
0.140121057000000
0.131042827000000
0.126564480000000
0.124048473000000
0.118340658000000
0.116543400000000
0.115171037000000
0.114366697000000
0.109713922000000
0.106992078000000
0.107057227000000
0.102912962000000
0.103301469000000
0.105993618000000
0.100591689000000
0.0999378360000000
0.100559223000000
0.0999444130000000
0.100958324000000
0.108681365000000
0.107675419000000
0.118641938000000
0.123265132000000
0.129769785000000
0.131133954000000
0.125694569000000
0.129697254000000
0.146369072000000
0.203036274000000
0.246748760000000
0.267151061000000
0.267649138000000
0.311011786000000
0.307051882000000
0.298028225000000
0.326705176000000
0.324603987000000
0.358347437000000
0.351419417000000
0.354920846000000
0.338756076000000
0.360700642000000
0.348786910000000
0.359886633000000
0.357415134000000
0.354371366000000
0.365840967000000
0.373260931000000
0.359311487000000
0.367379219000000
0.355134339000000
0.343536718000000
0.339662779000000
0.355754115000000
0.363942426000000
0.345043497000000
0.375004262000000
0.371061449000000
0.363085283000000
0.364691390000000
0.407898139000000
0.416048088000000
0.411417731000000
0.420496341000000
0.430852333000000
0.449904458000000
0.442943404000000
0.444211887000000
0.469693191000000
0.456296877000000
0.457891761000000
0.439327970000000
0.429421216000000
0.403271558000000
0.384717016000000
0.377748281000000
0.367504688000000
0.366618807000000
0.336157052000000
0.304663222000000
0.305024299000000
0.287234528000000
0.308697556000000
0.309168507000000
0.289786863000000
0.289960572000000
0.288661748000000
0.291409431000000
0.293816137000000
0.300114487000000
0.295668661000000
0.290013009000000
0.282135548000000
0.283512532000000
0.299571169000000
0.313449734000000
0.307592226000000
0.303969576000000
0.311599027000000
0.321344489000000
0.326228487000000
0.340717291000000
0.354606639000000
0.379128917000000
0.382266584000000
0.393036339000000
0.401081569000000
0.431961977000000
0.441302321000000
0.430011575000000
0.431056453000000
0.426264652000000
0.428407937000000
0.425634425000000
0.412627417000000
0.402705987000000
0.383225050000000
0.402870382000000
0.385224807000000
0.379363392000000
0.358489550000000
0.350012356000000
0.348295428000000
0.336541926000000
0.330082114000000
0.326371375000000
0.302615908000000
0.289429929000000
0.276126858000000
0.251578592000000
0.252105301000000
0.247942491000000
0.236532306000000
0.227379915000000
0.209399992000000
0.194456484000000
0.184704162000000
0.176147883000000
0.158963738000000
0.150350007000000
0.153793320000000
0.147702340000000