1.82657142900000
1.50642857100000
1.53128571400000
1.58871428600000
1.66714285700000
1.63757142900000
1.60585714300000
1.66500000000000
1.91228571400000
1.67485714300000
1.77042857100000
2.01685714300000
1.58357142900000
2.03271428600000
1.69714285700000
1.37400000000000
1.90242857100000
1.74085714300000
1.64785714300000
1.77342857100000
1.66585714300000
1.95642857100000
1.97700000000000
1.54242857100000
1.99028571400000
1.53728571400000
1.59171428600000
1.90457142900000
1.62428571400000
1.97828571400000
1.80642857100000
1.86685714300000
1.73057142900000
1.72542857100000
2.02414285700000
1.82057142900000
1.70914285700000
1.71857142900000
1.79614285700000
1.94228571400000
1.86642857100000
1.96414285700000
2.26628571400000
2.13814285700000
2.24871428600000
2.34385714300000
2.91042857100000
2.97085714300000
2.69314285700000
3.04371428600000
2.81657142900000
2.71371428600000
2.77757142900000
3.12685714300000
3.04585714300000
2.88942857100000
2.99357142900000
3.20785714300000
3.47871428600000
2.99742857100000
3.43757142900000
3.27128571400000
3.57600000000000
3.28242857100000
3.39214285700000
3.40114285700000
3.27814285700000
3.37114285700000
3.37885714300000
3.50528571400000
3.55500000000000
2.85728571400000
3.23100000000000
3.32014285700000
3.49414285700000
3.55157142900000
3.51342857100000
3.27985714300000
3.57685714300000
3.44057142900000
3.18342857100000
2.97600000000000
3.18042857100000
2.86757142900000
2.88942857100000
2.90614285700000
2.92414285700000
3.26742857100000
3.34842857100000
3.05271428600000
3.19671428600000
3.23828571400000
2.94385714300000
2.72271428600000
2.86457142900000
2.99485714300000
2.76214285700000
2.67514285700000
2.54700000000000
2.81957142900000
2.82857142900000
3.05571428600000
3.12985714300000
3.29571428600000
2.73428571400000
2.98157142900000
3.12085714300000
3.27985714300000
2.82428571400000
2.76000000000000
2.98157142900000
2.86328571400000
2.60957142900000
3.21085714300000
3.21900000000000
2.62457142900000
2.86714285700000
2.82085714300000
2.84528571400000
2.64171428600000
2.53200000000000
2.44071428600000
2.44842857100000
2.31771428600000
2.46942857100000
2.47114285700000
2.28900000000000
2.62971428600000
2.34000000000000
2.24914285700000
2.05971428600000
1.71085714300000
1.83128571400000
1.54757142900000
1.57757142900000
1.82142857100000
1.62514285700000
1.54328571400000
2.01300000000000
1.65385714300000
1.82785714300000
1.90028571400000
1.58742857100000
1.83814285700000