0.277369661000000
0.269004968000000
0.269702707000000
0.258536467000000
0.249705348000000
0.246899148000000
0.244264478000000
0.233894485000000
0.231472507000000
0.221175286000000
0.218799068000000
0.226581840000000
0.218652042000000
0.216068370000000
0.211163114000000
0.212834856000000
0.232026626000000
0.223134880000000
0.219005812000000
0.228789465000000
0.263723709000000
0.266782826000000
0.241323245000000
0.226652069000000
0.234619021000000
0.248327405000000
0.254061785000000
0.268551064000000
0.294311954000000
0.329913475000000
0.355122520000000
0.518173651000000
0.569273623000000
0.625128808000000
0.667908643000000
0.700982312000000
0.734525382000000
0.784302495000000
0.657115746000000
0.693014427000000
0.735021712000000
0.658659759000000
0.682906082000000
0.740441318000000
0.685956630000000
0.684691927000000
0.722928459000000
0.646747074000000
0.729306851000000
0.759209817000000
0.734215197000000
0.757355180000000
0.684506005000000
0.759269060000000
0.771704135000000
0.794675722000000
0.807298551000000
0.789453742000000
0.783113528000000
0.731681300000000
0.768189919000000
0.765327782000000
0.773420828000000
0.760553624000000
0.842537338000000
0.763678749000000
0.764102191000000
0.813806191000000
0.811386971000000
0.776078467000000
0.860193728000000
0.864659112000000
0.849948132000000
0.833547767000000
0.812283981000000
0.842769208000000
0.796082850000000
0.742917805000000
0.766923932000000
0.779037298000000
0.786756668000000
0.702607549000000
0.702142713000000
0.709958085000000
0.650381321000000
0.619497211000000
0.641804197000000
0.609468501000000
0.599112917000000
0.577487913000000
0.612858697000000
0.635840461000000
0.630139785000000
0.637545944000000
0.630387753000000
0.620604396000000
0.616395990000000
0.582783931000000
0.591313930000000
0.621611951000000
0.603371475000000
0.604488767000000
0.673484230000000
0.656466022000000
0.650668104000000
0.684604980000000
0.688664331000000
0.700521627000000
0.765346062000000
0.806764761000000
0.783410902000000
0.768957834000000
0.781463201000000
0.806545225000000
0.818105515000000
0.845033049000000
0.880692241000000
0.847001428000000
0.813357839000000
0.837171217000000
0.801095445000000
0.754833005000000
0.731915595000000
0.745794504000000
0.721758707000000
0.685290493000000
0.661541147000000
0.614145705000000
0.601801197000000
0.582605061000000
0.548734848000000
0.518374790000000
0.501410201000000
0.473252908000000
0.453318502000000
0.432919647000000
0.400949452000000
0.371921264000000
0.366484167000000
0.349278905000000
0.325355162000000
0.320238086000000
0.310179517000000
0.287886589000000